3	-6.6016821631980065
5	-inf
11	-inf
13	0.7571179791239047
17	4.921052466808646
19	-14.535017293265582
24	-15.199999988079071
27	-15.199999988079071
31	-15.199999988079071
33	-15.199999988079071
38	-7.72465171229635
40	-3.6715069279802037
42	-inf
45	nan
52	-14.216326391680013
55	-15.199999988079071
57	-9.002855793527146
62	-15.199999988079071
64	-15.199999988079071
67	-15.199999988079071
69	4.316450917619591
72	-inf
77	-16.19999998807907
79	-15.199999988079071
83	-15.199999988079071
87	-15.199999988079071
91	-15.199999988079071
94	-15.199999988079071
98	-inf
100	2.690209190085284
103	-15.199999988079071
106	0.807504925560238
108	-inf
112	-17.19999998807907
117	nan
119	-inf
123	-inf
127	33.552876132260735
129	-inf
132	-8.94342800092818
134	-inf
137	-inf
138	-inf
140	-inf
142	-inf
146	19.21871697974973
149	-inf
153	-16.19999998807907
155	-5.2373476106797625
157	-15.199999988079071
171	-4.3805066590448405
175	-15.199999988079071
187	20.861922634922507
190	-inf
196	49.42746794203754
203	-1.3537249214547273
204	-inf
206	-inf
210	26.197836142907704
213	-11.470186200317016
217	-15.199999988079071
219	-12.396078801353724
227	1.2644569276347966
234	-inf
238	-16.19999998807907
242	-12.815397065567822
245	-4.048441502982314
246	-inf
248	-inf
252	-15.199999988079071
256	-15.199999988079071
260	-7.995343434348456
266	-16.19999998807907
273	-15.199999988079071
276	-inf
278	-1.814374398652717
280	-inf
281	-inf
285	31.407826370344196
289	-15.199999988079071
293	-inf
294	-inf
295	-inf
300	-15.199999988079071
303	-15.199999988079071
307	-17.19999998807907
319	-15.199999988079071
322	13.057969517625907
324	-inf
326	-inf
329	19.590453825376926
333	-inf
340	-15.192310948053091
344	-11.617548950368814
346	-15.199999988079071
356	-10.828004657908878
363	4.792387138223603
366	15.159118978024594
379	0.4278716884368805
386	7.379095756233141
389	-inf
391	-inf
395	-inf
399	-15.199999988079071
401	-15.199999988079071
403	-15.199999988079071
405	-15.199999988079071
410	16.170973314263847
412	-inf
416	14.407977253558556
425	9.925557436531903
427	4.923431763380563
431	-inf
433	-inf
436	19.18690017142626
438	18.133106066457913
442	-14.59449810637193
449	-inf
454	-15.199999988079071
458	-6.951215832918251
461	nan
463	-15.199999988079071
466	-15.199999988079071
470	-inf
473	8.86224132631446
476	-inf
480	17.52855499790803
484	-15.199999988079071
486	-11.24216006149959
489	2.2081993757703913
492	-12.776726877488159
497	-15.199999988079071
500	-15.199999988079071
504	-1.9341701567057044
506	-inf
513	10.443061135841731
526	-14.420271617507069
529	30.298362062652814
530	-inf
532	2.3733692149196486
535	-inf
538	-inf
542	17.487298945072098
544	-inf
546	17.03868489850595
549	2.34287805318786
551	-inf
557	-inf
560	17.023772475807732
562	-0.5103749225003185
568	-inf
570	-inf
572	-inf
574	6.775729749492484
576	-inf
577	-inf
579	-9.138244613348093
582	-8.089657065969163
584	-7.326282469487978
587	27.902637506377346
589	-7.253383350095191
591	-15.199999988079071
595	-15.199999988079071
599	-1.3023037270827444
601	-2.800000011920929
605	20.484499778463032
609	-inf
612	-15.199999988079071
619	-15.199999988079071
623	-5.615604509329728
627	-15.199999988079071
630	-10.504964899264905
632	-inf
634	-inf
639	-inf
643	-15.199999988079071
646	-15.199999988079071
649	-15.199999988079071
651	-8.797655569092058
654	-inf
658	-8.029519900843297
666	14.199999988079071
670	14.302177461615543
672	-inf
674	-inf
678	-15.199999988079071
690	-15.199999988079071
694	8.945893727542853
696	-inf
698	13.31165060964554
701	0.21720240088575338
703	-inf
706	-10.592936294279525
709	-inf
719	-inf
723	-15.199999988079071
727	-15.199999988079071
732	-15.199999988079071
740	-21.579504351385822
743	-15.199999988079071
751	-15.199999988079071
755	19.154331469746126
759	15.687937032622585
765	-15.199999988079071
767	-15.199999988079071
774	-15.199999988079071
776	-12.570188948984764
778	-13.43721963934695
780	-2.7759346734048904
786	-inf
793	-15.199999988079071
801	16.206513191173485
803	-inf
807	38.529677873244964
811	-3.74593588086168
814	-15.199999988079071
818	-15.199999988079071
820	-15.199999988079071
824	-15.199999988079071
828	-15.199999988079071
831	-15.199999988079071
834	4.1210021352256945
836	14.648767381259859
839	-inf
841	-4.013642506987026
849	-inf
851	-inf
853	-inf
855	-13.178007896526196
861	-inf
864	-15.199999988079071
866	-6.5630493952456845
868	-15.199999988079071
872	-inf
874	-inf
880	-inf
886	-inf
891	-6.612056851500142
895	-13.298594788041669
897	-inf
900	-inf
904	-13.394084993536353
906	-14.48913410740613
910	-15.199999988079071
912	10.3452900256774
915	-inf
916	-inf
920	-inf
922	-inf
924	-inf
926	3.0824293799460065
928	9.084164824923619
930	4.51907695979537
934	-15.199999988079071
937	-6.124775166512791
944	-15.199999988079071
948	-15.199999988079071
952	-16.24291978665542
956	-15.199999988079071
958	-15.199999988079071
961	-15.199999988079071
966	-15.199999988079071
970	-15.199999988079071
975	-inf
976	-inf
985	-15.199999988079071
991	24.999545864099332
1010	-9.190933104550595
1014	nan
1016	10.250504015062347
1020	-inf
1024	-2.9988209569507944
1028	-inf
1032	22.360672385911926
1033	-inf
1037	13.972367321798174
1039	-15.199999988079071
1047	4.450665030334221
1048	-inf
1050	-inf
1054	8.377898517785184
1058	-15.199999988079071
1062	-15.199999988079071
1069	-9.003448998548834
1071	8.281867515191948
1075	-15.199999988079071
1077	-15.199999988079071
1079	-inf
1081	-inf
1084	5.8227330857583866
1087	-0.5029908582192775
1090	-inf
1091	-inf
1096	7.405416058708852
1100	14.746114867461756
1104	-15.199999988079071
1111	-15.199999988079071
1115	-0.09293903428056183
1117	-inf
1121	-7.240997308172041
1127	-inf
1131	-4.347426675137854
1136	-inf
1138	1.7179439349408767
1141	21.36604234465301
1144	-inf
1148	-inf
1149	-inf
1152	-12.8699856416182
1157	-15.199999988079071
1163	-15.199999988079071
1167	-15.199999988079071
1169	-5.87154693451771
1171	-inf
1173	18.17325393364399
1177	18.315293295908077
1181	-inf
1183	-3.1208525842613426
1187	-15.199999988079071
1191	-8.594808040176872
1193	-15.199999988079071
1200	-inf
1202	-10.244493009971961
1205	19.25666048917401
1207	10.218426855266557
1209	-inf
1213	-16.19999998807907
1216	-15.199999988079071
1222	-11.608986487275502
1227	-15.199999988079071
1235	-10.839279047963828
1238	-inf
1243	52.87129852930991
1246	28.60523153053225
1249	-6.653493736262931
1252	16.44559917732863
1254	-inf
1257	29.902235598142397
1259	17.61775304456455
1261	-inf
1263	-13.92739816843607
1267	10.129351207879836
1269	-inf
1273	10.066570813859016
1275	-15.199999988079071
1278	-15.199999988079071
1282	-8.174285664959825
1284	-9.887075232948519
1288	-15.199999988079071
1290	-15.199999988079071
1292	-15.199999988079071
1296	-15.199999988079071
1304	11.058937721672919
1306	-3.56509352564251
1308	-0.9240246493908444
1312	-4.755278176829734
1314	6.374623462820637
1317	16.410906790559352
1319	-inf
1323	-15.199999988079071
1325	-15.199999988079071
1329	-15.199999988079071
1334	-14.430344364701227
1336	-5.201922069573811
1340	-15.199999988079071
1344	-13.749736073373697
1346	-15.199999988079071
1348	-10.660857917329167
1352	-15.199999988079071
1356	-inf
1358	-5.051370453025129
1363	-15.199999988079071
1366	-15.199999988079071
1372	-9.78422225620227
1377	-inf
1379	-1.3854183752322342
1383	4.165144704642557
1388	-12.894552286358248
1390	-15.199999988079071
1394	-15.199999988079071
1398	6.394762772363606
1403	23.79364282078518
1405	-15.199999988079071
1407	-15.199999988079071
1411	-10.80089198358985
1414	-inf
1418	37.68036711711545
1422	-inf
1426	nan
1431	-inf
1433	-15.199999988079071
1435	-15.199999988079071
1439	-4.871336701129508
1446	12.719817810792847
1448	-14.705938546018388
1451	-15.199999988079071
1460	-15.199999988079071
1464	-14.098258627943551
1468	-15.199999988079071
1470	-15.199999988079071
1474	-15.199999988079071
1476	-15.199999988079071
1479	-inf
1483	-6.535449194160037
1487	2.954902679629413
1490	-15.199999988079071
1492	-15.199999988079071
1494	-15.199999988079071
1498	-5.572849406119985
1499	-inf
1501	-inf
1508	4.290533259930044
1511	18.57841673302221
1514	6.9714716910079915
1518	16.05272113831427
1522	-3.650121928277372
1525	-15.199999988079071
1530	-15.199999988079071
1532	-6.568097864805509
1535	28.45265733591441
1537	9.184680779703854
1540	-inf
1547	-17.19999998807907
1550	-15.199999988079071
1554	-15.199999988079071
1559	4.878758337259228
1563	-6.838224374370725
1565	-2.544517132889382
1572	-15.199999988079071
1575	-4.321512075360033
1577	13.964579146796268
1580	16.80612581269304
1586	-15.199999988079071
1588	-inf
1591	-2.201015829561584
1593	-inf
1595	-10.93416075440382
1598	8.372571544831317
1599	-inf
1601	-13.872222727490566
1605	-inf
1609	-15.199999988079071
1613	-15.199999988079071
1617	-15.199999988079071
1619	-15.199999988079071
1622	-inf
1626	-15.199999988079071
1628	-15.199999988079071
1630	-8.640475355464787
1634	32.83453658204439
1636	-11.30989191790843
1638	7.904487018716736
1643	28.662385264683394
1648	-inf
1654	-7.663611910699956
1658	24.734177436450523
1660	-1.613674691848928
1662	-inf
1665	30.10235548620676
1667	-inf
1669	-inf
1671	-inf
1675	-6.245248799561182
1680	1.5909242075165366
1683	-14.378354011701617
1687	2.0421497507642243
1690	-inf
1694	-15.199999988079071
1698	14.52464992571754
1702	-inf
1705	-inf
1708	-15.199999988079071
1710	-15.199999988079071
1714	-8.913769880634163
1716	-inf
1718	nan
1721	25.237483527341396
1725	-15.199999988079071
1729	-15.199999988079071
1733	-15.199999988079071
1735	-9.477504573341776
1737	2.224360088118601
1740	-3.897701614591597
1742	-15.199999988079071
1744	-4.362326490152782
1749	0.004086712581397478
1753	-inf
1756	10.664091442950735
1758	-5.316531745269231
1760	-inf
1765	11.281200243174908
1768	-13.857973308209012
1770	-15.199999988079071
1774	-15.199999988079071
1781	-15.199999988079071
1784	-15.199999988079071
1788	-14.123610836222724
1792	-14.731900450013882
1800	-1.9362832991218966
1803	19.860698004795495
1806	22.384305475706924
1810	-inf
1811	-inf
1813	-inf
1817	25.025868639906548
1820	10.548679487030427
1823	13.950777968309922
1825	-inf
1830	-inf
1831	-inf
1834	-inf
1837	-10.42722669793477
1840	-5.2608141445352885
1841	-inf
1844	-inf
1846	11.985269217189057
1851	-inf
1855	7.871371937771528
1857	-inf
1858	-inf
1861	15.72671264031419
1865	-13.907913006971057
1870	-15.199999988079071
1872	-15.199999988079071
1876	-15.199999988079071
1878	-4.296634515379651
1880	7.141195161596215
1882	2.141590837234162
1887	-3.45120764990952
